[  5.  -52.7 -57.7]
[  5.  -52.7 -57.7]
[  5.  -52.7 -57.7]
[  5.  -52.8 -57.8]
[  5.  -52.9 -57.9]
[  5.  -52.9 -57.9]
[  5.  -52.9 -57.9]
[  5.  -53.1 -58.1]
[  5.  -53.5 -58.5]
[  5.  -53.5 -58.5]
[  5.  -53.2 -58.2]
[  5.  -53.2 -58.2]
[  5.  -53.1 -58.1]
[  5.  -53.1 -58.1]
[  5. -53. -58.]
[  5.  -53.1 -58.1]
[  5. -53. -58.]
[  5. -53. -58.]
[  5. -53. -58.]
[  5. -53. -58.]
[  5. -53. -58.]
[  5. -53. -58.]
[  5. -53. -58.]
[  5. -53. -58.]
[  5. -53. -58.]
[  5.2 -53.5 -58.7]
[  5.  -53.2 -58.2]
[  5. -53. -58.]
[  5.6 -53.4 -59. ]
[  5.3 -54.2 -59.5]
[  5.  -53.3 -58.3]
[  5. -53. -58.]
[  5.  -52.9 -57.9]
[  5.  -52.9 -57.9]
[  5. -53. -58.]
[  5.  -52.9 -57.9]
[  5.  -52.9 -57.9]
[  5. -53. -58.]
[  5. -53. -58.]
[  5.  -52.9 -57.9]
[  5.  -52.9 -57.9]
[  5.  -52.8 -57.8]
[  5.  -52.9 -57.9]
[  5.  -52.9 -57.9]
[  5.  -52.9 -57.9]
[  5.  -52.9 -57.9]
[  5.  -52.9 -57.9]
[  5.  -52.9 -57.9]
[  5.  -52.9 -57.9]
[  5.  -52.9 -57.9]
[  5.  -52.9 -57.9]
[  5.  -52.9 -57.9]
[  5.  -52.9 -57.9]
[  5. -53. -58.]
[  5.  -52.9 -57.9]
[  5.  -52.9 -57.9]
[  5.  -52.8 -57.8]
[  5.  -52.8 -57.8]
[  5.  -52.8 -57.8]
[  5.  -52.8 -57.8]
[  5.  -52.8 -57.8]
[  5.  -52.7 -57.7]
[  5.  -52.7 -57.7]
[  5.  -52.7 -57.7]
[  5.  -52.6 -57.6]
[  5.  -52.6 -57.6]
[  5.  -52.6 -57.6]
[  5.  -52.6 -57.6]
[  5.  -52.6 -57.6]
[  5.  -52.6 -57.6]
[  5.  -52.8 -57.8]
[  5.  -52.8 -57.8]
[  5.  -52.8 -57.8]
[  5. -54. -59.]
[  5.  -53.5 -58.5]
[  5.  -53.1 -58.1]
[  5.  -52.9 -57.9]
[  5. -53. -58.]
[  5.  -53.5 -58.5]
[  5.  -53.6 -58.6]
[  5.  -54.2 -59.2]
[  5.  -54.3 -59.3]
[  5.  -53.7 -58.7]
[  5.  -53.5 -58.5]
[  5.  -53.4 -58.4]
[  5.  -53.2 -58.2]
[  5.  -53.3 -58.3]
[  5.  -53.5 -58.5]
[  6.5 -54.  -60.5]
[  7.  -53.9 -60.9]
[  5.  -53.5 -58.5]
[  5.4 -54.3 -59.7]
[  5.4 -54.3 -59.7]
[  5.5 -53.7 -59.2]
[  5.  -53.3 -58.3]
[  5. -53. -58.]
[  5. -53. -58.]
[  5.2 -53.6 -58.8]
[  5.  -53.1 -58.1]
[  5.1 -53.7 -58.8]
[  6.2 -54.1 -60.3]
[  5.  -54.1 -59.1]
[  5.  -53.7 -58.7]
[  5.  -53.5 -58.5]
[  5.  -53.8 -58.8]
[  5.  -53.5 -58.5]
[  5.  -53.3 -58.3]
[  5.  -53.6 -58.6]
[  5.  -53.6 -58.6]
[  5.  -53.2 -58.2]
[  5.  -53.5 -58.5]
[  5.  -53.5 -58.5]
[  5.  -53.2 -58.2]
[  5.  -52.9 -57.9]
[  5.  -52.5 -57.5]
[  5.  -52.6 -57.6]
[  5.  -52.6 -57.6]
[  5.  -52.7 -57.7]
[  5.  -52.6 -57.6]
[  5.  -52.6 -57.6]
[  5.  -52.7 -57.7]
[  5.  -52.9 -57.9]
[  5. -53. -58.]
[  5. -53. -58.]
[  5.  -52.7 -57.7]
[  5.  -52.6 -57.6]
[  5.  -52.9 -57.9]
[  5. -53. -58.]
[  5.  -52.8 -57.8]
[  5.  -52.7 -57.7]
[  5.  -52.9 -57.9]
[  5.  -52.9 -57.9]
[  5.  -52.8 -57.8]
[  5.  -52.8 -57.8]
[  5.  -52.9 -57.9]
[  5.  -52.9 -57.9]
[  5. -53. -58.]
[  5. -53. -58.]
[  5.  -53.1 -58.1]
[  5.  -53.1 -58.1]
[  5.  -53.1 -58.1]
[  5.  -53.1 -58.1]
[  5.  -53.1 -58.1]
[  5.  -53.2 -58.2]
[  5.  -53.2 -58.2]
[  5.  -53.2 -58.2]
[  5.  -53.3 -58.3]
[  5.  -53.3 -58.3]
[  5.  -53.3 -58.3]
[  5.  -53.3 -58.3]
[  5.  -53.3 -58.3]
[  5.  -53.3 -58.3]
[  5.  -53.3 -58.3]
[  5.  -53.3 -58.3]
[  5.  -53.2 -58.2]
[  5.  -53.4 -58.4]
[  5.9 -54.3 -60.2]
[  7. -54. -61.]
[  8.6 -54.1 -62.7]
[  6.  -54.1 -60.1]
[  6.4 -54.1 -60.5]
[  7. -54. -61.]
[  6.6 -53.9 -60.5]
[  6.  -53.9 -59.9]
[  6.  -54.1 -60.1]
[  6.  -54.1 -60.1]
[  6.  -54.1 -60.1]
[  6.  -54.1 -60.1]
[  5.2 -54.4 -59.6]
[  5.  -54.3 -59.3]
[  5. -54. -59.]
[  5. -54. -59.]
[  5.  -54.4 -59.4]
[  5.5 -54.6 -60.1]
[  6.5 -54.  -60.5]
[  6.3 -53.8 -60.1]
[  5.5 -53.9 -59.4]
[  5.3 -53.9 -59.2]
[  5.  -54.1 -59.1]
[  5.  -54.1 -59.1]
[  5.  -53.8 -58.8]
[  5.  -54.1 -59.1]
[  5.  -53.9 -58.9]
[  5.  -53.5 -58.5]
[  5.  -53.3 -58.3]
[  5.  -53.3 -58.3]
[  5.  -53.3 -58.3]
[  5.  -53.3 -58.3]
[  5.  -53.3 -58.3]
[  5.  -53.3 -58.3]
[  5.  -53.3 -58.3]
[  5.  -53.3 -58.3]
[  5.  -53.4 -58.4]
[  5.  -53.2 -58.2]
[  5.  -53.3 -58.3]
[  5.  -53.3 -58.3]
[  5.  -53.2 -58.2]
[  5.  -53.2 -58.2]
[  5.  -53.3 -58.3]
[  5.  -53.3 -58.3]
[  5.  -53.2 -58.2]
[  5.  -53.2 -58.2]
[  5.  -53.2 -58.2]
[  5.  -53.2 -58.2]
[  5.  -53.2 -58.2]
[  5.  -53.2 -58.2]
[  5.  -53.2 -58.2]
[  5.  -53.2 -58.2]
[  5.  -53.2 -58.2]
[  5.  -53.2 -58.2]
[  5.  -53.1 -58.1]
[  5.  -53.2 -58.2]
[  5.  -53.1 -58.1]
[  5.  -53.2 -58.2]
[  5.  -53.1 -58.1]
[  5.  -53.1 -58.1]
[  5.  -53.1 -58.1]
[  5.  -53.1 -58.1]
[  7.5 -53.7 -61.2]
[  7.6 -54.3 -61.9]
[  8.3 -54.1 -62.4]
[  6.  -54.1 -60.1]
[  5.7 -53.8 -59.5]
[  5.2 -54.  -59.2]
[  5.  -54.6 -59.6]
[  5.  -54.6 -59.6]
[  5.4 -54.4 -59.8]
[  5.5 -54.4 -59.9]
[  5.5 -54.4 -59.9]
[  5.5 -54.3 -59.8]
[  5.3 -53.7 -59. ]
[  5.  -53.7 -58.7]
[  5.  -53.5 -58.5]
[  5.  -53.5 -58.5]
[  5.  -53.5 -58.5]
[  5.  -53.9 -58.9]
[  5.  -53.6 -58.6]
[  5.  -53.4 -58.4]
[  5.  -53.4 -58.4]
[  5.  -53.4 -58.4]
[  5.  -53.7 -58.7]
[  5.  -53.8 -58.8]
[  5.  -53.8 -58.8]
[  5.  -53.5 -58.5]
[  5.  -53.4 -58.4]
[  5.  -53.3 -58.3]
[  5.  -53.6 -58.6]
[  5.  -53.5 -58.5]
[  5.  -53.3 -58.3]
[  5.  -53.1 -58.1]
[  5.  -53.2 -58.2]
[  5.  -53.5 -58.5]
[  5.  -53.5 -58.5]
[  5.  -53.3 -58.3]
[  5.  -53.2 -58.2]
[  5.  -53.2 -58.2]
[  5.  -53.2 -58.2]
[  5.  -53.2 -58.2]
[  5.  -53.2 -58.2]
[  5.  -53.2 -58.2]
[  5.  -53.2 -58.2]
[  5.  -53.2 -58.2]
[  5.  -53.2 -58.2]
[  5.  -53.2 -58.2]
[  5.  -53.2 -58.2]
[  5.  -53.2 -58.2]
[  5.  -53.2 -58.2]
[  5.  -53.2 -58.2]
[  5.  -53.1 -58.1]
[  5.  -53.2 -58.2]
[  5.  -53.1 -58.1]
[  5.  -53.2 -58.2]
[  5.  -53.1 -58.1]
[  5.  -53.1 -58.1]
[  5.  -53.1 -58.1]
[  5.  -53.1 -58.1]
[  5.  -53.1 -58.1]
[  5.  -53.1 -58.1]
[  5.  -53.1 -58.1]
[  5.  -53.1 -58.1]
[  5. -53. -58.]
[  5. -53. -58.]
[  5. -53. -58.]
[  5. -53. -58.]
[  5. -53. -58.]
[  5. -53. -58.]
[  5.  -52.9 -57.9]
[  5.  -52.9 -57.9]
[  5. -53. -58.]
[  5.  -52.9 -57.9]
[  5. -53. -58.]
[  5.  -53.1 -58.1]
[  5. -53. -58.]
[  5. -53. -58.]
[  5. -53. -58.]
[  5. -53. -58.]
[  5. -53. -58.]
[  5.  -53.1 -58.1]
[  5.  -53.1 -58.1]
[  5. -53. -58.]
[  5. -53. -58.]
[  5. -53. -58.]
[  5.  -53.1 -58.1]
[  5.  -53.1 -58.1]
[  5.  -53.1 -58.1]
[  5.  -53.1 -58.1]
[  5.  -53.1 -58.1]
[  5. -53. -58.]
[  5. -53. -58.]
[  5. -53. -58.]
[  5. -53. -58.]
[  5. -53. -58.]
[  5. -53. -58.]
[  5. -53. -58.]
[  5. -53. -58.]
[  5.  -53.1 -58.1]
[  5.  -53.2 -58.2]
[  5.  -53.1 -58.1]
[  5. -53. -58.]
[  5.  -53.3 -58.3]
[  5.  -53.2 -58.2]
[  5. -53. -58.]
[  5.  -53.1 -58.1]
[  5.  -53.2 -58.2]
[  5.  -53.2 -58.2]
[  5. -53. -58.]
[  5. -53. -58.]
[  5.  -53.1 -58.1]
[  5.  -53.2 -58.2]
[  5.4 -54.1 -59.5]
[  5.2 -53.6 -58.8]
[  5.  -53.2 -58.2]
[  5.  -53.2 -58.2]
[  5.  -53.9 -58.9]
[  6.7 -54.  -60.7]
[  5.6 -54.  -59.6]
[  7.5 -53.9 -61.4]
[  5.3 -54.1 -59.4]
[  5.4 -54.2 -59.6]
[  5. -54. -59.]
[  6.1 -54.2 -60.3]
[  9.8 -54.2 -64. ]
[  7.2 -54.2 -61.4]
[  6.5 -54.1 -60.6]
[  6.4 -54.5 -60.9]
[ 10.3 -54.4 -64.7]
[ 11.2 -54.1 -65.3]
[  8.5 -54.1 -62.6]
[  7.6 -54.  -61.6]
[  8.6 -54.2 -62.8]
[ 10.  -54.3 -64.3]
[ 10.5 -54.2 -64.7]
[  7.5 -54.3 -61.8]
[  7.6 -54.3 -61.9]
[  5.  -53.1 -58.1]
[  5.  -54.2 -59.2]
[  5.5 -54.  -59.5]
[  5.  -54.4 -59.4]
[  5.  -53.9 -58.9]
[  5.7 -54.3 -60. ]
[  5.7 -54.  -59.7]
[  5.  -53.8 -58.8]
[  5.  -54.3 -59.3]
[  5.5 -54.2 -59.7]
[  5.3 -53.9 -59.2]
[  5.4 -54.1 -59.5]
[  5.1 -53.9 -59. ]
[  5.  -53.8 -58.8]
[  5.  -53.7 -58.7]
[  5.  -53.6 -58.6]
[  5.  -53.4 -58.4]
[  5. -53. -58.]
[  5.  -52.8 -57.8]
[  5. -53. -58.]
[  5.  -54.3 -59.3]
[  5.  -54.4 -59.4]
[  5.  -54.1 -59.1]
[  5.  -54.1 -59.1]
[  5.  -53.9 -58.9]
[  5.  -53.9 -58.9]
[  5.  -53.6 -58.6]
[  5.  -53.3 -58.3]
[  5.  -53.3 -58.3]
[  5.  -53.1 -58.1]
[  5.  -52.9 -57.9]
[  5.  -52.8 -57.8]
[  5.  -52.8 -57.8]
[  5.  -52.6 -57.6]
[  5.  -52.5 -57.5]
[  5.  -52.5 -57.5]
[  5.  -52.5 -57.5]
[  5.  -52.6 -57.6]
[  5.  -52.7 -57.7]
[  5.  -52.7 -57.7]
[  5.  -52.7 -57.7]
[  5.  -52.8 -57.8]
[  5.  -52.8 -57.8]
[  5.  -52.8 -57.8]
[  5.  -52.8 -57.8]
[  5.  -52.9 -57.9]
[  5.  -52.9 -57.9]
[  5. -53. -58.]
[  5. -53. -58.]
[  5.  -53.1 -58.1]
[  5.  -53.1 -58.1]
[  5.  -53.1 -58.1]
[  5.  -53.1 -58.1]
[  5. -53. -58.]
[  5.  -52.9 -57.9]
[  5.  -53.1 -58.1]
[  5.  -52.9 -57.9]
[  5.3 -53.6 -58.9]
[  7.8 -54.  -61.8]
[  5.2 -53.6 -58.8]
[  5.  -53.4 -58.4]
[  5.  -53.6 -58.6]
[  5.  -53.3 -58.3]
[  5.  -54.2 -59.2]
[  5.2 -54.2 -59.4]
[  5.2 -54.  -59.2]
[  5.4 -54.4 -59.8]
[  5.9 -54.2 -60.1]
[  5. -54. -59.]
[  5.  -53.7 -58.7]
[  5.4 -54.2 -59.6]
[  5. -54. -59.]
[  5.9 -54.2 -60.1]
[  6.2 -54.  -60.2]
[  5.1 -53.6 -58.7]
[  5.  -52.8 -57.8]
[  5.  -52.7 -57.7]
[  5.  -52.7 -57.7]
[  5.  -52.6 -57.6]
[  5.  -52.7 -57.7]
[  5.1 -53.4 -58.5]
[  5.  -53.1 -58.1]
[  5.  -52.7 -57.7]
[  5.5 -53.8 -59.3]
[  5.  -54.2 -59.2]
[  9.3 -54.3 -63.6]
[  8.3 -54.2 -62.5]
[  6.9 -53.8 -60.7]
[  5.1 -54.  -59.1]
[  5.  -53.8 -58.8]
[  5.  -53.9 -58.9]
[  5.  -54.3 -59.3]
[  5.7 -53.7 -59.4]
[  5.  -53.6 -58.6]
[  5.  -53.4 -58.4]
[  5.  -53.4 -58.4]
[  5.  -53.4 -58.4]
